0.010720980645529926
0.009178693040460349
0.008228128625638783
0.007628467649780214
0.007192932286299765
0.006832245070487261
0.006619111883826554
0.0064106138734146955
0.006213684816658497
0.006053092519566417
0.005941391977388411
0.005822371505852788
0.0056971063851378855
0.005597072548232973
0.005543326134979725
0.005447777875699103
0.005352571234665811
0.005282329712063074
0.0052199356351979075
0.005182016472704709
0.005082467162981629
0.005066425311658532
0.005022394880652428
0.004955148825608194
0.004925194877944887
0.004889065742027014
0.004827676806598902
0.004789234495069831
0.004742246934771537
0.004725369813852012
0.004678834216948599
0.004625056386552751
0.004626669744029641
0.0046105605875141915
0.00459783353228122
0.004541005806811154
0.004520266129728407
0.004489502747543156
0.004456321012880653
0.004449197958875447
0.004394952121842653
0.004402382217627019
0.004360557769611478
0.004336065043509006
0.004343975744023919
0.004319065617956221
0.004292905295453966
0.0042570967936888335
0.004251250488776713
0.004212185004167259
0.0042171670189127325
0.003951173051726073
0.00390936473980546
0.003869397479109466
0.003860738858114928
0.0038526152442209423
0.0038208580398932097
0.0038321698506362735
0.003809579431824386
0.0037808686760254203
0.00378487617559731
0.0037735104183666407
0.0037673588229343294
0.0037325247399508953
0.0037388681130483747
0.003748783623985946
0.00373992141103372
0.003724053865391761
0.0037279539342969657
0.0037088364170864223
0.0037107294254936276
0.003702522577997297
0.0036781000450253486
0.0036774349555373192
0.003700425298511982
0.0036961749766021967
0.0036459837863221764
0.0036751833312213423
0.003650142272096127
0.003634513259213418
0.0036463851002044977
0.0036222617275081573
0.0036253786488901823
0.003595862255431712
0.0036038711863104252
0.003606810191925615
0.003607132813008502
0.0035866164520382882
0.0036104163225740196
0.003584128852840513
0.0035957055548671633
0.0035702577150426803
0.00357360619911924
0.0035823672781698404
0.0035535952232312413
0.0035559517309535294
0.0035766547806560995
0.0035705770971719178
0.0035343965638428925
0.003522296697553247
0.0034171440796460957
